892.852 306.465 13.7394
10.0 306.465 13.7394 -1.91028 2.71056 
30.0 306.475 13.7283 -4.49596 3.16305 
50.0 306.494 13.7102 -6.40702 3.94149 
70.0 306.522 13.685 -6.25832 3.28313 
90.0 306.564 13.6484 -6.46492 3.63072 
110.0 306.644 13.5816 -9.49243 6.37106 
130.0 306.789 13.4722 -8.82115 6.86379 
150.0 306.864 13.4217 -8.8759 5.66618 
170.0 306.927 13.38 -8.67212 5.94902 
190.0 306.99 13.3383 -6.55581 7.09571 
210.0 307.043 13.2979 -7.75011 7.23341 
230.0 307.095 13.2577 -7.0258 6.91891 
250.0 307.128 13.2307 -6.3755 8.1864 
270.0 307.149 13.212 -6.02322 8.09853 
290.0 307.177 13.1838 -8.02232 8.09487 
310.0 307.216 13.1372 -9.03337 8.51433 
331.688 307.259 13.0893 -6.85581 8.2558 
356.753 307.298 13.0574 -7.34707 8.56406 
385.195 307.343 13.0215 -7.07596 8.36372 
417.013 307.395 12.9827 -7.58722 9.5305 
452.208 307.45 12.9446 -6.20674 9.27695 
490.779 307.501 12.9141 -5.96133 8.96314 
532.727 307.553 12.8795 -4.44623 7.5331 
578.052 307.625 12.8261 -5.62817 9.56502 
626.753 307.724 12.7608 -5.58847 10.09616 
678.831 307.834 12.6877 -5.03708 10.16686 
734.286 307.942 12.595 -4.58603 9.5366 
793.117 308.051 12.5138 -3.15528 10.55361 
855.325 308.191 12.4273 -4.25075 8.9584 
920.909 308.403 12.2755 -1.63617 10.47192 
989.87 308.681 12.0777 -1.35696 10.6497 
1062.21 309.012 11.8039 -0.20339 11.26837 
1137.92 309.328 11.4652 0.07848 10.39111 
1217.01 309.673 11.0502 1.29361 9.47956 
1299.48 310.02 10.5741 1.46742 11.0865 
1385.32 310.416 9.98716 2.45058 11.38561 
1474.55 310.854 9.41205 3.79618 11.65826 
1567.14 311.25 8.9559 4.26021 11.40609 
1663.12 311.55 8.53037 5.4856 11.48283 
1762.47 311.97 7.84578 7.09753 10.62294 
1865.19 312.338 7.29615 7.20487 10.43126 
1971.3 312.853 6.70909 8.77518 10.06908 
2080.78 313.116 6.2318 8.78771 8.8857 
2193.64 313.309 5.9279 11.17868 8.61189 
2309.87 313.701 5.41552 12.84504 10.48743 
2429.48 314.066 5.03534 11.08332 9.50222 
2552.47 314.299 4.9296 12.65313 10.22613 
2678.83 314.48 4.72413 12.22061 7.31614 
2808.57 314.671 4.57608 12.23598 7.09375 
2941.69 314.887 4.41032 14.14413 8.0266 
3078.18 315.097 4.24994 15.42034 8.46996 
3218.05 315.343 4.0399 15.53045 7.4413 
3361.3 315.637 3.98217 16.35713 7.5098 
3507.92 315.81 3.77932 15.05148 7.54026 
3657.92 316.142 3.44303 18.15081 6.87061 
3811.3 316.684 3.25461 18.35181 7.11903 
3968.05 317.238 2.92848 18.55072 7.21253 
4128.18 317.801 2.6217 19.45582 9.24371 
4291.69 318.391 2.3874 20.62802 9.07033 
4458.57 318.86 2.31662 19.54824 7.51243 
4628.83 319.408 2.0143 22.66037 7.14649 
4802.47 319.954 1.94449 22.10391 8.28169 
4979.48 320.562 1.87345 23.09637 6.81158 
5159.87 321.31 1.63014 23.21817 5.1838 
5343.64 321.823 1.60308 25.34644 5.54844 
5530.78 322.63 1.46316 26.37338 5.15729 
5721.3 323.279 1.31052 27.74288 3.73591 
5915.19 324.128 1.11612 27.34734 5.05182 
6112.47 324.849 1.00613 28.01998 4.89337 
6313.12 325.914 0.944724 29.40955 4.65756 
6517.14 326.915 0.77252 28.94046 2.95808 
6724.55 327.887 0.602893 30.39731 3.59773 
6935.33 328.662 0.509564 29.18769 3.84024 
7149.48 329.278 0.418299 31.17049 5.06513 
7367.01 329.819 0.374555 30.55136 4.03714 
7587.92 330.519 0.359266 32.00497 3.65484 
7812.21 331.098 0.324554 31.76439 2.48112 
8039.87 331.638 0.302485 30.12031 2.63285 
8270.91 332.386 0.267165 31.6584 2.75197 
8505.32 333.074 0.251879 34.64619 2.88655 
8743.12 333.424 0.23437 34.22707 1.31774 
8984.29 333.976 0.157183 33.3139 2.51132 
9228.83 334.627 0.130234 34.41209 2.35008 
9476.75 335.395 0.125693 35.81007 0.76586 
9728.05 336.025 0.117153 37.26966 2.01975 
9982.73 336.849 0.0999141 36.21478 1.00174 
10240.8 337.736 0.0837148 36.38399 1.77076 
10502.2 338.613 0.0729608 35.67923 0.83314 
10767.0 340.986 0.0696476 34.91955 -0.54687 
11035.2 342.665 0.0595883 37.14299 3.54262 
11306.8 342.665 0.0392409 36.40897 2.90659 
11581.7 342.665 0.0246646 37.4812 2.47635 
11860.0 342.665 0.0148897 38.51954 2.78274 
12140.0 344.465 0.0100004 38.61719 1.09838 
12420.0 350.065 0.0100006 39.12458 2.22661 
12700.0 355.665 0.01 37.80836 2.19235 
12980.0 361.265 0.0100004 38.44803 3.68125 
13260.0 366.865 0.0100003 37.63021 2.63033 
13540.0 372.465 0.0100002 37.34044 2.11732 
13820.0 378.065 0.0100003 37.34469 4.19687 
14100.0 383.665 0.01 37.24328 2.35621 
14380.0 389.265 0.0100002 38.2884 1.16532 
14660.0 394.865 0.0100001 37.48327 2.53002 
14940.0 400.465 0.0100001 37.53471 1.49757 
15220.0 406.065 0.0100001 37.55416 3.67733 
15500.0 411.665 0.01 38.98226 3.08636 
15780.0 417.265 0.0100001 37.31124 2.26366 
16060.0 422.865 0.01 38.76621 1.93419 
16340.0 428.465 0.01 37.19917 1.02364 
16620.0 434.065 0.01 37.83641 3.01127 
16900.0 439.665 0.01 38.04522 2.79415 
17180.0 445.265 0.00999997 38.16878 4.33188 
17460.0 450.865 0.00999999 39.30913 3.24653 
17740.0 456.465 0.00999998 37.71806 2.72156 
18020.0 462.065 0.00999994 38.51966 2.62145 
