892.852 306.465 13.7394
10.0 306.465 13.7394 -5.30108 2.57188 
30.0 306.475 13.7283 -4.5042 1.42072 
50.0 306.494 13.7102 -3.87268 4.03752 
70.0 306.522 13.685 -5.1044 4.27194 
90.0 306.564 13.6484 -5.76791 5.05086 
110.0 306.644 13.5816 -6.63443 7.00578 
130.0 306.789 13.4722 -7.56159 4.96518 
150.0 306.864 13.4217 -7.88161 5.43655 
170.0 306.927 13.38 -8.28965 7.24937 
190.0 306.99 13.3383 -9.34196 7.69194 
210.0 307.043 13.2979 -8.57371 6.00076 
230.0 307.095 13.2577 -7.33062 5.84106 
250.0 307.128 13.2307 -7.36921 7.3324 
270.0 307.149 13.212 -9.26997 7.67709 
290.0 307.177 13.1838 -6.37668 7.68889 
310.0 307.216 13.1372 -7.42509 7.84477 
331.688 307.259 13.0893 -7.21383 8.54484 
356.753 307.298 13.0574 -5.8262 9.32834 
385.195 307.343 13.0215 -6.68495 8.73179 
417.013 307.395 12.9827 -8.3511 9.09245 
452.208 307.45 12.9446 -6.43784 8.71502 
490.779 307.501 12.9141 -7.00788 7.25426 
532.727 307.553 12.8795 -6.28202 8.85202 
578.052 307.625 12.8261 -6.18158 8.59073 
626.753 307.724 12.7608 -5.00174 11.12942 
678.831 307.834 12.6877 -4.35118 9.95235 
734.286 307.942 12.595 -3.52657 10.74815 
793.117 308.051 12.5138 -3.72636 10.0386 
855.325 308.191 12.4273 -1.88845 11.39573 
920.909 308.403 12.2755 -1.1127 9.3716 
989.87 308.681 12.0777 -2.52113 11.67746 
1062.21 309.012 11.8039 -1.44855 10.75483 
1137.92 309.328 11.4652 -1.27863 10.52724 
1217.01 309.673 11.0502 1.1412 11.07982 
1299.48 310.02 10.5741 1.84593 12.28587 
1385.32 310.416 9.98716 3.42479 11.3547 
1474.55 310.854 9.41205 3.23484 10.9799 
1567.14 311.25 8.9559 5.05027 12.19048 
1663.12 311.55 8.53037 4.57337 13.0192 
1762.47 311.97 7.84578 5.62878 10.96891 
1865.19 312.338 7.29615 6.89649 11.57133 
1971.3 312.853 6.70909 6.77482 9.94651 
2080.78 313.116 6.2318 9.56225 9.87247 
2193.64 313.309 5.9279 10.45221 8.15864 
2309.87 313.701 5.41552 11.80169 9.07099 
2429.48 314.066 5.03534 12.00293 6.79659 
2552.47 314.299 4.9296 12.96818 8.4422 
2678.83 314.48 4.72413 13.40628 9.35145 
2808.57 314.671 4.57608 12.86803 7.32404 
2941.69 314.887 4.41032 13.95534 8.64008 
3078.18 315.097 4.24994 14.22839 7.40138 
3218.05 315.343 4.0399 15.09829 7.97084 
3361.3 315.637 3.98217 15.73816 6.34828 
3507.92 315.81 3.77932 16.80483 8.9036 
3657.92 316.142 3.44303 16.40506 7.04998 
3811.3 316.684 3.25461 16.69798 7.68513 
3968.05 317.238 2.92848 18.70808 8.31767 
4128.18 317.801 2.6217 19.0365 6.97662 
4291.69 318.391 2.3874 21.07473 7.39514 
4458.57 318.86 2.31662 20.88405 7.47439 
4628.83 319.408 2.0143 23.08385 8.26128 
4802.47 319.954 1.94449 22.42401 7.02313 
4979.48 320.562 1.87345 21.36338 7.31405 
5159.87 321.31 1.63014 26.15063 7.38149 
5343.64 321.823 1.60308 24.17625 6.18997 
5530.78 322.63 1.46316 26.1482 5.23148 
5721.3 323.279 1.31052 27.34627 5.57923 
5915.19 324.128 1.11612 27.62534 5.21811 
6112.47 324.849 1.00613 28.5179 6.13013 
6313.12 325.914 0.944724 29.05738 5.15241 
6517.14 326.915 0.77252 29.6271 3.22467 
6724.55 327.887 0.602893 30.31969 5.57226 
6935.33 328.662 0.509564 30.02862 6.34989 
7149.48 329.278 0.418299 29.43554 3.40561 
7367.01 329.819 0.374555 31.19163 3.70711 
7587.92 330.519 0.359266 31.0899 3.2426 
7812.21 331.098 0.324554 32.18736 3.00306 
8039.87 331.638 0.302485 31.68683 1.27558 
8270.91 332.386 0.267165 32.71965 3.31249 
8505.32 333.074 0.251879 33.49283 1.19881 
8743.12 333.424 0.23437 33.51611 2.37359 
8984.29 333.976 0.157183 33.90852 1.54711 
9228.83 334.627 0.130234 35.68746 1.85645 
9476.75 335.395 0.125693 36.27658 0.46353 
9728.05 336.025 0.117153 37.63911 1.57779 
9982.73 336.849 0.0999141 36.62812 1.91475 
10240.8 337.736 0.0837148 35.60154 1.89648 
10502.2 338.613 0.0729608 36.12486 2.51905 
10767.0 340.986 0.0696476 36.59399 0.5319 
11035.2 342.665 0.0595883 39.3521 3.48167 
11306.8 342.665 0.0392409 39.66967 2.75369 
11581.7 342.665 0.0246646 38.34885 4.16249 
11860.0 342.665 0.0148897 36.7654 2.36056 
12140.0 344.465 0.0100004 37.82683 2.57974 
12420.0 350.065 0.0100006 36.35989 2.83106 
12700.0 355.665 0.01 37.92744 2.4342 
12980.0 361.265 0.0100004 38.06668 3.16878 
13260.0 366.865 0.0100003 37.92573 0.54285 
13540.0 372.465 0.0100002 38.62078 2.00712 
13820.0 378.065 0.0100003 38.90594 3.37683 
14100.0 383.665 0.01 38.29936 2.00555 
14380.0 389.265 0.0100002 37.83791 2.50056 
14660.0 394.865 0.0100001 37.80122 2.42295 
14940.0 400.465 0.0100001 38.21885 0.89583 
15220.0 406.065 0.0100001 38.0714 1.49429 
15500.0 411.665 0.01 37.68129 0.74814 
15780.0 417.265 0.0100001 38.6473 0.69708 
16060.0 422.865 0.01 37.48273 2.78365 
16340.0 428.465 0.01 37.88296 2.47107 
16620.0 434.065 0.01 37.83856 0.70107 
16900.0 439.665 0.01 36.73355 1.93348 
17180.0 445.265 0.00999997 37.22728 3.60704 
17460.0 450.865 0.00999999 37.3462 2.42144 
17740.0 456.465 0.00999998 37.41415 2.71958 
18020.0 462.065 0.00999994 39.10809 3.93583 
