892.852 306.465 13.7394
10.0 306.465 13.7394 -2.5091 1.20301 
30.0 306.475 13.7283 -5.12689 3.42107 
50.0 306.494 13.7102 -7.31709 3.50372 
70.0 306.522 13.685 -6.39815 4.75408 
90.0 306.564 13.6484 -7.87017 4.91266 
110.0 306.644 13.5816 -7.00239 6.34508 
130.0 306.789 13.4722 -6.58002 7.61198 
150.0 306.864 13.4217 -7.97848 6.54495 
170.0 306.927 13.38 -7.4189 5.86549 
190.0 306.99 13.3383 -7.38785 6.27851 
210.0 307.043 13.2979 -8.20302 6.56685 
230.0 307.095 13.2577 -9.59415 7.39095 
250.0 307.128 13.2307 -7.72496 7.3674 
270.0 307.149 13.212 -8.40292 8.31597 
290.0 307.177 13.1838 -8.33588 6.43627 
310.0 307.216 13.1372 -7.29903 7.79865 
331.688 307.259 13.0893 -7.58394 8.23041 
356.753 307.298 13.0574 -6.88106 8.29836 
385.195 307.343 13.0215 -5.93855 9.53698 
417.013 307.395 12.9827 -6.17608 9.6119 
452.208 307.45 12.9446 -6.79101 9.60573 
490.779 307.501 12.9141 -6.23452 7.75398 
532.727 307.553 12.8795 -6.62604 10.61972 
578.052 307.625 12.8261 -5.51209 10.50121 
626.753 307.724 12.7608 -4.82073 9.33733 
678.831 307.834 12.6877 -4.73391 10.32381 
734.286 307.942 12.595 -4.30108 10.33235 
793.117 308.051 12.5138 -2.51644 10.39848 
855.325 308.191 12.4273 -3.78788 9.7487 
920.909 308.403 12.2755 -1.59298 9.92336 
989.87 308.681 12.0777 -1.06255 10.81074 
1062.21 309.012 11.8039 -0.00372 10.14638 
1137.92 309.328 11.4652 0.11602 10.19214 
1217.01 309.673 11.0502 1.10262 10.82441 
1299.48 310.02 10.5741 3.17471 12.2257 
1385.32 310.416 9.98716 2.46142 11.41208 
1474.55 310.854 9.41205 1.85421 11.16857 
1567.14 311.25 8.9559 4.64919 12.42677 
1663.12 311.55 8.53037 5.22038 11.51357 
1762.47 311.97 7.84578 4.57197 9.41708 
1865.19 312.338 7.29615 6.83381 9.70839 
1971.3 312.853 6.70909 8.16186 11.11817 
2080.78 313.116 6.2318 8.63795 9.06882 
2193.64 313.309 5.9279 10.42727 9.2758 
2309.87 313.701 5.41552 11.33082 7.62098 
2429.48 314.066 5.03534 12.06521 8.70406 
2552.47 314.299 4.9296 12.64729 7.93734 
2678.83 314.48 4.72413 12.89727 8.40954 
2808.57 314.671 4.57608 13.74505 7.48907 
2941.69 314.887 4.41032 14.20542 7.91867 
3078.18 315.097 4.24994 13.49166 8.13475 
3218.05 315.343 4.0399 16.76792 8.97749 
3361.3 315.637 3.98217 15.78841 6.8223 
3507.92 315.81 3.77932 15.9012 7.47678 
3657.92 316.142 3.44303 18.45729 6.11921 
3811.3 316.684 3.25461 17.36082 7.25841 
3968.05 317.238 2.92848 17.87265 8.37806 
4128.18 317.801 2.6217 18.59298 7.4772 
4291.69 318.391 2.3874 19.48576 8.33956 
4458.57 318.86 2.31662 19.38421 8.40644 
4628.83 319.408 2.0143 22.06126 5.77926 
4802.47 319.954 1.94449 22.70968 7.18018 
4979.48 320.562 1.87345 24.07936 6.79044 
5159.87 321.31 1.63014 24.08288 6.48185 
5343.64 321.823 1.60308 26.09049 6.17331 
5530.78 322.63 1.46316 26.7211 6.18193 
5721.3 323.279 1.31052 27.87378 5.88295 
5915.19 324.128 1.11612 27.97949 5.36289 
6112.47 324.849 1.00613 29.28622 6.11949 
6313.12 325.914 0.944724 28.04546 4.14799 
6517.14 326.915 0.77252 30.58241 4.49504 
6724.55 327.887 0.602893 28.65508 3.93803 
6935.33 328.662 0.509564 29.88336 5.59971 
7149.48 329.278 0.418299 30.97211 4.18073 
7367.01 329.819 0.374555 30.62256 3.86754 
7587.92 330.519 0.359266 29.72506 4.56862 
7812.21 331.098 0.324554 31.1396 2.67576 
8039.87 331.638 0.302485 32.34802 4.28118 
8270.91 332.386 0.267165 34.25391 3.35188 
8505.32 333.074 0.251879 33.09426 2.24329 
8743.12 333.424 0.23437 33.13054 1.45917 
8984.29 333.976 0.157183 33.58653 1.5856 
9228.83 334.627 0.130234 33.6025 -0.11595 
9476.75 335.395 0.125693 36.63027 0.82398 
9728.05 336.025 0.117153 37.6896 0.89629 
9982.73 336.849 0.0999141 35.64716 1.16744 
10240.8 337.736 0.0837148 36.70317 2.36238 
10502.2 338.613 0.0729608 35.30691 3.13008 
10767.0 340.986 0.0696476 37.21284 0.10034 
11035.2 342.665 0.0595883 38.52312 2.51082 
11306.8 342.665 0.0392409 39.55589 3.13716 
11581.7 342.665 0.0246646 37.68291 2.46174 
11860.0 342.665 0.0148897 38.02557 2.45742 
12140.0 344.465 0.0100004 37.53915 2.10525 
12420.0 350.065 0.0100006 37.37049 2.50937 
12700.0 355.665 0.01 37.82462 2.54117 
12980.0 361.265 0.0100004 37.79002 2.51706 
13260.0 366.865 0.0100003 38.99116 2.02296 
13540.0 372.465 0.0100002 37.26684 4.15011 
13820.0 378.065 0.0100003 38.74161 2.52324 
14100.0 383.665 0.01 37.46798 1.34169 
14380.0 389.265 0.0100002 38.78963 2.69601 
14660.0 394.865 0.0100001 36.49465 2.35732 
14940.0 400.465 0.0100001 39.30907 2.00167 
15220.0 406.065 0.0100001 37.99187 2.31264 
15500.0 411.665 0.01 37.01248 3.19572 
15780.0 417.265 0.0100001 36.08631 1.63528 
16060.0 422.865 0.01 37.91687 2.54516 
16340.0 428.465 0.01 38.15924 1.38007 
16620.0 434.065 0.01 37.5843 2.04317 
16900.0 439.665 0.01 39.59231 2.4843 
17180.0 445.265 0.00999997 37.52508 3.08214 
17460.0 450.865 0.00999999 37.61204 2.5761 
17740.0 456.465 0.00999998 37.85927 2.5199 
18020.0 462.065 0.00999994 37.93151 1.62666 
