892.852 306.465 13.7394
10.0 306.465 13.7394 -4.25041 3.2553 
30.0 306.475 13.7283 -6.0757 3.14752 
50.0 306.494 13.7102 -5.64836 3.33609 
70.0 306.522 13.685 -4.83114 4.52904 
90.0 306.564 13.6484 -7.6261 5.4774 
110.0 306.644 13.5816 -8.8455 5.92127 
130.0 306.789 13.4722 -5.97913 6.58987 
150.0 306.864 13.4217 -6.7462 5.75353 
170.0 306.927 13.38 -8.44705 6.89416 
190.0 306.99 13.3383 -7.99915 5.31477 
210.0 307.043 13.2979 -6.39086 6.60474 
230.0 307.095 13.2577 -9.14052 8.2179 
250.0 307.128 13.2307 -7.917 8.14048 
270.0 307.149 13.212 -8.71683 6.84265 
290.0 307.177 13.1838 -7.6399 9.11815 
310.0 307.216 13.1372 -7.7904 7.85705 
331.688 307.259 13.0893 -7.09349 8.08236 
356.753 307.298 13.0574 -5.89573 8.37407 
385.195 307.343 13.0215 -7.36608 7.62473 
417.013 307.395 12.9827 -6.1465 7.20726 
452.208 307.45 12.9446 -5.65249 8.21172 
490.779 307.501 12.9141 -4.78367 9.7994 
532.727 307.553 12.8795 -4.97504 10.57778 
578.052 307.625 12.8261 -5.79623 11.03701 
626.753 307.724 12.7608 -5.0025 10.16129 
678.831 307.834 12.6877 -6.36944 10.03137 
734.286 307.942 12.595 -4.10269 9.78436 
793.117 308.051 12.5138 -2.99663 8.77508 
855.325 308.191 12.4273 -3.2659 10.18065 
920.909 308.403 12.2755 -2.92238 10.87966 
989.87 308.681 12.0777 -1.13656 10.7033 
1062.21 309.012 11.8039 -1.44519 10.21471 
1137.92 309.328 11.4652 0.03846 9.91664 
1217.01 309.673 11.0502 1.04105 11.16151 
1299.48 310.02 10.5741 2.74085 9.57588 
1385.32 310.416 9.98716 3.17375 12.86196 
1474.55 310.854 9.41205 3.19828 12.75232 
1567.14 311.25 8.9559 2.83888 10.08742 
1663.12 311.55 8.53037 6.53517 10.42972 
1762.47 311.97 7.84578 6.37963 9.33566 
1865.19 312.338 7.29615 7.0951 10.88569 
1971.3 312.853 6.70909 8.52576 10.60754 
2080.78 313.116 6.2318 8.10051 9.0122 
2193.64 313.309 5.9279 11.59666 9.80129 
2309.87 313.701 5.41552 12.23767 7.18711 
2429.48 314.066 5.03534 11.38412 8.93767 
2552.47 314.299 4.9296 11.63363 7.99067 
2678.83 314.48 4.72413 13.35188 8.63282 
2808.57 314.671 4.57608 14.39118 9.44384 
2941.69 314.887 4.41032 13.52244 8.85553 
3078.18 315.097 4.24994 14.56373 7.42263 
3218.05 315.343 4.0399 15.51455 8.18951 
3361.3 315.637 3.98217 16.31525 7.64367 
3507.92 315.81 3.77932 16.81152 9.30832 
3657.92 316.142 3.44303 17.3304 7.51098 
3811.3 316.684 3.25461 18.7506 5.61052 
3968.05 317.238 2.92848 17.66595 6.76936 
4128.18 317.801 2.6217 17.97387 7.45267 
4291.69 318.391 2.3874 19.29117 8.42269 
4458.57 318.86 2.31662 19.63292 7.95256 
4628.83 319.408 2.0143 22.02095 8.08078 
4802.47 319.954 1.94449 22.72412 8.22673 
4979.48 320.562 1.87345 23.15379 6.99928 
5159.87 321.31 1.63014 23.54227 6.60289 
5343.64 321.823 1.60308 24.68939 4.35306 
5530.78 322.63 1.46316 27.07468 5.05835 
5721.3 323.279 1.31052 26.0487 5.49349 
5915.19 324.128 1.11612 29.41385 4.66482 
6112.47 324.849 1.00613 29.32927 5.06337 
6313.12 325.914 0.944724 30.13721 5.74641 
6517.14 326.915 0.77252 29.2107 6.73497 
6724.55 327.887 0.602893 29.69546 4.30643 
6935.33 328.662 0.509564 29.35599 4.57246 
7149.48 329.278 0.418299 30.81656 4.10295 
7367.01 329.819 0.374555 30.21101 4.68575 
7587.92 330.519 0.359266 30.38974 4.4853 
7812.21 331.098 0.324554 32.36402 2.40524 
8039.87 331.638 0.302485 32.05891 1.62921 
8270.91 332.386 0.267165 31.53479 3.13081 
8505.32 333.074 0.251879 32.64358 1.8808 
8743.12 333.424 0.23437 34.83144 2.45022 
8984.29 333.976 0.157183 33.98523 1.78459 
9228.83 334.627 0.130234 34.3921 1.28876 
9476.75 335.395 0.125693 35.30537 -0.54796 
9728.05 336.025 0.117153 38.7046 1.20449 
9982.73 336.849 0.0999141 36.58577 2.93769 
10240.8 337.736 0.0837148 36.55499 2.51565 
10502.2 338.613 0.0729608 36.01369 2.93006 
10767.0 340.986 0.0696476 36.20848 0.30332 
11035.2 342.665 0.0595883 37.6119 4.0784 
11306.8 342.665 0.0392409 38.01154 2.77155 
11581.7 342.665 0.0246646 37.97808 2.66743 
11860.0 342.665 0.0148897 37.74187 2.15031 
12140.0 344.465 0.0100004 36.74259 2.51097 
12420.0 350.065 0.0100006 37.97384 2.67093 
12700.0 355.665 0.01 37.88144 3.75036 
12980.0 361.265 0.0100004 38.59663 2.50454 
13260.0 366.865 0.0100003 39.09011 1.92471 
13540.0 372.465 0.0100002 37.47157 0.84448 
13820.0 378.065 0.0100003 37.82324 2.06828 
14100.0 383.665 0.01 36.56084 3.07381 
14380.0 389.265 0.0100002 38.66028 4.26461 
14660.0 394.865 0.0100001 37.0744 2.32708 
14940.0 400.465 0.0100001 37.24212 1.64776 
15220.0 406.065 0.0100001 38.40488 2.15532 
15500.0 411.665 0.01 36.40651 3.34598 
15780.0 417.265 0.0100001 38.39509 1.87856 
16060.0 422.865 0.01 36.34267 3.57793 
16340.0 428.465 0.01 38.57499 1.28454 
16620.0 434.065 0.01 37.06762 2.35017 
16900.0 439.665 0.01 37.55356 2.52781 
17180.0 445.265 0.00999997 36.43222 3.25745 
17460.0 450.865 0.00999999 37.2143 2.74929 
17740.0 456.465 0.00999998 38.36297 2.34095 
18020.0 462.065 0.00999994 38.83162 1.67417 
