892.852 306.465 13.7394
10.0 306.465 13.7394 -3.45686 2.3943 
30.0 306.475 13.7283 -4.59376 3.41913 
50.0 306.494 13.7102 -5.55068 4.48694 
70.0 306.522 13.685 -7.84513 5.19931 
90.0 306.564 13.6484 -6.05472 4.21659 
110.0 306.644 13.5816 -6.44457 5.79619 
130.0 306.789 13.4722 -7.9318 5.69045 
150.0 306.864 13.4217 -7.64668 6.07604 
170.0 306.927 13.38 -7.89169 6.08805 
190.0 306.99 13.3383 -6.82704 8.37711 
210.0 307.043 13.2979 -6.39744 6.14995 
230.0 307.095 13.2577 -8.30112 7.39004 
250.0 307.128 13.2307 -7.12908 6.92191 
270.0 307.149 13.212 -7.44321 7.22519 
290.0 307.177 13.1838 -6.95518 7.45575 
310.0 307.216 13.1372 -7.49819 8.17036 
331.688 307.259 13.0893 -8.02961 7.29716 
356.753 307.298 13.0574 -6.79222 8.87729 
385.195 307.343 13.0215 -5.16518 8.83147 
417.013 307.395 12.9827 -6.94747 7.98236 
452.208 307.45 12.9446 -5.91178 10.43208 
490.779 307.501 12.9141 -6.03289 10.25261 
532.727 307.553 12.8795 -5.23775 8.85393 
578.052 307.625 12.8261 -5.76304 9.93935 
626.753 307.724 12.7608 -6.28486 11.09688 
678.831 307.834 12.6877 -5.00625 10.23399 
734.286 307.942 12.595 -4.22257 12.02965 
793.117 308.051 12.5138 -4.33477 8.36008 
855.325 308.191 12.4273 -4.71434 9.82891 
920.909 308.403 12.2755 -2.06035 8.74993 
989.87 308.681 12.0777 -0.15981 9.78319 
1062.21 309.012 11.8039 -0.32495 9.84523 
1137.92 309.328 11.4652 1.54615 11.28726 
1217.01 309.673 11.0502 1.73589 11.37077 
1299.48 310.02 10.5741 1.62411 12.65568 
1385.32 310.416 9.98716 0.92409 10.41672 
1474.55 310.854 9.41205 3.622 11.56063 
1567.14 311.25 8.9559 2.59293 11.46734 
1663.12 311.55 8.53037 4.85448 10.06505 
1762.47 311.97 7.84578 4.91402 10.99879 
1865.19 312.338 7.29615 7.09141 10.72069 
1971.3 312.853 6.70909 9.74884 11.09556 
2080.78 313.116 6.2318 10.14306 9.97452 
2193.64 313.309 5.9279 11.69077 9.07585 
2309.87 313.701 5.41552 10.6622 8.08794 
2429.48 314.066 5.03534 11.02886 8.11555 
2552.47 314.299 4.9296 11.13808 9.01207 
2678.83 314.48 4.72413 12.18732 7.55513 
2808.57 314.671 4.57608 12.9654 6.74293 
2941.69 314.887 4.41032 14.67591 8.22371 
3078.18 315.097 4.24994 14.90925 8.74763 
3218.05 315.343 4.0399 14.40452 8.59594 
3361.3 315.637 3.98217 15.83754 7.56921 
3507.92 315.81 3.77932 17.72984 8.04831 
3657.92 316.142 3.44303 16.13595 6.24463 
3811.3 316.684 3.25461 17.20583 5.59032 
3968.05 317.238 2.92848 18.06385 8.19503 
4128.18 317.801 2.6217 19.14715 8.20045 
4291.69 318.391 2.3874 19.93024 9.68553 
4458.57 318.86 2.31662 21.40492 8.5149 
4628.83 319.408 2.0143 22.31039 6.74126 
4802.47 319.954 1.94449 22.96276 8.93812 
4979.48 320.562 1.87345 24.18726 7.27023 
5159.87 321.31 1.63014 23.52917 6.10883 
5343.64 321.823 1.60308 25.49368 6.65444 
5530.78 322.63 1.46316 26.59786 3.99317 
5721.3 323.279 1.31052 28.00329 4.94741 
5915.19 324.128 1.11612 27.62506 5.14891 
6112.47 324.849 1.00613 28.42225 5.4408 
6313.12 325.914 0.944724 28.9507 4.90615 
6517.14 326.915 0.77252 29.58611 5.34876 
6724.55 327.887 0.602893 30.70693 4.98932 
6935.33 328.662 0.509564 30.26397 3.87126 
7149.48 329.278 0.418299 30.05168 4.32182 
7367.01 329.819 0.374555 31.05765 2.20426 
7587.92 330.519 0.359266 30.64506 3.45245 
7812.21 331.098 0.324554 31.66123 3.48397 
8039.87 331.638 0.302485 32.56099 3.46768 
8270.91 332.386 0.267165 31.87186 4.77668 
8505.32 333.074 0.251879 32.22195 2.01433 
8743.12 333.424 0.23437 33.71536 0.15791 
8984.29 333.976 0.157183 35.77954 1.09778 
9228.83 334.627 0.130234 35.34139 0.35715 
9476.75 335.395 0.125693 37.63679 0.44896 
9728.05 336.025 0.117153 38.09614 0.44467 
9982.73 336.849 0.0999141 37.01887 1.77469 
10240.8 337.736 0.0837148 35.76195 1.60438 
10502.2 338.613 0.0729608 34.817 2.32762 
10767.0 340.986 0.0696476 35.34465 -0.44637 
11035.2 342.665 0.0595883 38.41228 2.51423 
11306.8 342.665 0.0392409 38.18455 4.38867 
11581.7 342.665 0.0246646 37.02954 2.33492 
11860.0 342.665 0.0148897 38.65099 3.09882 
12140.0 344.465 0.0100004 38.1602 3.3024 
12420.0 350.065 0.0100006 39.30469 3.61257 
12700.0 355.665 0.01 36.84459 4.19018 
12980.0 361.265 0.0100004 36.93744 2.92223 
13260.0 366.865 0.0100003 38.81601 0.81209 
13540.0 372.465 0.0100002 37.72299 3.74132 
13820.0 378.065 0.0100003 37.23722 1.52137 
14100.0 383.665 0.01 37.85983 2.51662 
14380.0 389.265 0.0100002 37.0626 2.48029 
14660.0 394.865 0.0100001 36.88422 2.8645 
14940.0 400.465 0.0100001 37.41888 0.64374 
15220.0 406.065 0.0100001 37.76656 2.94061 
15500.0 411.665 0.01 38.25974 1.09645 
15780.0 417.265 0.0100001 38.48612 3.45092 
16060.0 422.865 0.01 37.95622 3.25553 
16340.0 428.465 0.01 37.13805 2.22035 
16620.0 434.065 0.01 37.5592 0.76916 
16900.0 439.665 0.01 38.78928 1.01474 
17180.0 445.265 0.00999997 37.03276 2.54542 
17460.0 450.865 0.00999999 37.92448 1.2244 
17740.0 456.465 0.00999998 38.94921 3.92083 
18020.0 462.065 0.00999994 38.87743 1.00218 
