892.852 306.465 13.7394
10.0 306.465 13.7394 -4.06893 1.46851 
30.0 306.475 13.7283 -3.78627 4.39629 
50.0 306.494 13.7102 -7.28334 3.67948 
70.0 306.522 13.685 -6.01028 4.48711 
90.0 306.564 13.6484 -7.08163 5.1928 
110.0 306.644 13.5816 -6.86395 5.76899 
130.0 306.789 13.4722 -8.76028 5.64825 
150.0 306.864 13.4217 -9.2572 7.19941 
170.0 306.927 13.38 -8.12071 6.59682 
190.0 306.99 13.3383 -8.19913 4.86685 
210.0 307.043 13.2979 -7.76708 7.52923 
230.0 307.095 13.2577 -8.0881 8.74247 
250.0 307.128 13.2307 -5.73054 7.95036 
270.0 307.149 13.212 -7.13488 7.55187 
290.0 307.177 13.1838 -5.64712 7.1182 
310.0 307.216 13.1372 -8.53278 7.78375 
331.688 307.259 13.0893 -8.19982 8.26044 
356.753 307.298 13.0574 -6.58964 7.72158 
385.195 307.343 13.0215 -6.15835 7.84215 
417.013 307.395 12.9827 -7.69123 7.26836 
452.208 307.45 12.9446 -6.20369 8.63884 
490.779 307.501 12.9141 -5.26618 10.50081 
532.727 307.553 12.8795 -6.99856 8.43137 
578.052 307.625 12.8261 -5.43504 9.27285 
626.753 307.724 12.7608 -5.01971 8.95343 
678.831 307.834 12.6877 -4.68096 9.87637 
734.286 307.942 12.595 -5.71587 10.05535 
793.117 308.051 12.5138 -4.80457 10.37691 
855.325 308.191 12.4273 -4.39886 10.2488 
920.909 308.403 12.2755 -1.93054 10.25501 
989.87 308.681 12.0777 -2.2374 9.78865 
1062.21 309.012 11.8039 -0.30181 10.42045 
1137.92 309.328 11.4652 -0.66803 12.02424 
1217.01 309.673 11.0502 -0.4541 11.30839 
1299.48 310.02 10.5741 3.28845 10.66295 
1385.32 310.416 9.98716 1.94471 11.30026 
1474.55 310.854 9.41205 3.60046 10.53332 
1567.14 311.25 8.9559 3.75374 11.61488 
1663.12 311.55 8.53037 3.78583 10.88371 
1762.47 311.97 7.84578 5.57833 10.07549 
1865.19 312.338 7.29615 7.85699 9.10614 
1971.3 312.853 6.70909 9.48018 9.2413 
2080.78 313.116 6.2318 11.15234 9.61716 
2193.64 313.309 5.9279 10.35844 10.77331 
2309.87 313.701 5.41552 12.3986 9.01637 
2429.48 314.066 5.03534 10.10055 8.7646 
2552.47 314.299 4.9296 13.8808 9.27835 
2678.83 314.48 4.72413 13.05694 8.06467 
2808.57 314.671 4.57608 13.84708 9.07053 
2941.69 314.887 4.41032 14.61634 8.34639 
3078.18 315.097 4.24994 15.8831 8.45235 
3218.05 315.343 4.0399 14.87308 7.84655 
3361.3 315.637 3.98217 16.04659 7.43338 
3507.92 315.81 3.77932 16.75896 7.20747 
3657.92 316.142 3.44303 19.01956 7.16753 
3811.3 316.684 3.25461 16.37423 6.19252 
3968.05 317.238 2.92848 20.46802 7.24041 
4128.18 317.801 2.6217 20.63461 7.15775 
4291.69 318.391 2.3874 19.4043 9.23681 
4458.57 318.86 2.31662 20.14174 7.05774 
4628.83 319.408 2.0143 21.59515 7.39455 
4802.47 319.954 1.94449 22.25314 7.17243 
4979.48 320.562 1.87345 24.17041 7.62744 
5159.87 321.31 1.63014 24.11526 5.71526 
5343.64 321.823 1.60308 23.19613 6.20865 
5530.78 322.63 1.46316 26.65136 5.12567 
5721.3 323.279 1.31052 27.26915 4.59942 
5915.19 324.128 1.11612 27.0063 4.92534 
6112.47 324.849 1.00613 29.06027 6.60216 
6313.12 325.914 0.944724 28.33842 5.11489 
6517.14 326.915 0.77252 30.29518 4.78416 
6724.55 327.887 0.602893 30.398 5.23058 
6935.33 328.662 0.509564 32.06658 4.5652 
7149.48 329.278 0.418299 31.19311 5.19656 
7367.01 329.819 0.374555 29.54512 3.97671 
7587.92 330.519 0.359266 29.55224 4.56611 
7812.21 331.098 0.324554 30.59811 3.25035 
8039.87 331.638 0.302485 31.90189 3.09694 
8270.91 332.386 0.267165 31.04597 3.38903 
8505.32 333.074 0.251879 32.922 2.45966 
8743.12 333.424 0.23437 33.3208 2.24437 
8984.29 333.976 0.157183 34.70597 1.25896 
9228.83 334.627 0.130234 35.20404 -0.54456 
9476.75 335.395 0.125693 36.26474 2.69787 
9728.05 336.025 0.117153 39.02325 1.40829 
9982.73 336.849 0.0999141 36.97292 1.13441 
10240.8 337.736 0.0837148 36.45299 1.71841 
10502.2 338.613 0.0729608 36.91086 2.02447 
10767.0 340.986 0.0696476 37.10454 0.74652 
11035.2 342.665 0.0595883 38.70328 1.69901 
11306.8 342.665 0.0392409 36.59889 2.62305 
11581.7 342.665 0.0246646 36.84998 4.21657 
11860.0 342.665 0.0148897 37.79222 2.56039 
12140.0 344.465 0.0100004 39.7156 2.1295 
12420.0 350.065 0.0100006 37.32803 2.41977 
12700.0 355.665 0.01 36.94863 0.77537 
12980.0 361.265 0.0100004 38.1457 2.66926 
13260.0 366.865 0.0100003 37.84296 2.47092 
13540.0 372.465 0.0100002 37.44813 3.16374 
13820.0 378.065 0.0100003 38.5022 4.17751 
14100.0 383.665 0.01 39.27961 3.57083 
14380.0 389.265 0.0100002 37.26316 1.25181 
14660.0 394.865 0.0100001 39.00176 3.1924 
14940.0 400.465 0.0100001 37.82678 2.6698 
15220.0 406.065 0.0100001 38.95919 2.87373 
15500.0 411.665 0.01 38.10191 2.43733 
15780.0 417.265 0.0100001 37.76029 2.60873 
16060.0 422.865 0.01 36.91197 2.3526 
16340.0 428.465 0.01 37.59802 1.78173 
16620.0 434.065 0.01 38.28878 1.06798 
16900.0 439.665 0.01 39.65059 2.59151 
17180.0 445.265 0.00999997 37.24509 1.91791 
17460.0 450.865 0.00999999 38.00203 0.90343 
17740.0 456.465 0.00999998 38.52725 4.02207 
18020.0 462.065 0.00999994 36.48138 3.77318 
