892.852 306.465 13.7394
10.0 306.465 13.7394 -3.89624 1.30899 
30.0 306.475 13.7283 -5.85722 2.33709 
50.0 306.494 13.7102 -6.82877 4.96434 
70.0 306.522 13.685 -4.77132 5.6127 
90.0 306.564 13.6484 -7.05002 4.17892 
110.0 306.644 13.5816 -7.45071 6.34921 
130.0 306.789 13.4722 -7.3228 6.11829 
150.0 306.864 13.4217 -7.22554 6.46796 
170.0 306.927 13.38 -7.35565 6.63977 
190.0 306.99 13.3383 -8.94484 5.57546 
210.0 307.043 13.2979 -7.42061 7.80464 
230.0 307.095 13.2577 -8.80138 6.39136 
250.0 307.128 13.2307 -6.6263 6.89863 
270.0 307.149 13.212 -7.86344 8.42222 
290.0 307.177 13.1838 -5.53931 7.05907 
310.0 307.216 13.1372 -6.94576 7.71785 
331.688 307.259 13.0893 -6.35433 7.8516 
356.753 307.298 13.0574 -7.30122 8.69521 
385.195 307.343 13.0215 -8.35181 8.26886 
417.013 307.395 12.9827 -6.5394 8.62176 
452.208 307.45 12.9446 -6.23836 9.51994 
490.779 307.501 12.9141 -4.75231 9.67054 
532.727 307.553 12.8795 -5.5732 8.83277 
578.052 307.625 12.8261 -4.91948 9.072 
626.753 307.724 12.7608 -5.78012 9.80625 
678.831 307.834 12.6877 -4.60648 11.14539 
734.286 307.942 12.595 -4.14535 10.3738 
793.117 308.051 12.5138 -5.26723 11.43786 
855.325 308.191 12.4273 -2.53462 11.04651 
920.909 308.403 12.2755 -2.74168 12.0128 
989.87 308.681 12.0777 -0.18712 9.77609 
1062.21 309.012 11.8039 -0.64958 11.21503 
1137.92 309.328 11.4652 -0.08596 10.48001 
1217.01 309.673 11.0502 2.1092 9.87957 
1299.48 310.02 10.5741 1.80375 11.16114 
1385.32 310.416 9.98716 1.46876 11.5938 
1474.55 310.854 9.41205 1.39607 11.26807 
1567.14 311.25 8.9559 3.49907 11.94103 
1663.12 311.55 8.53037 6.01497 12.7037 
1762.47 311.97 7.84578 6.60082 10.96722 
1865.19 312.338 7.29615 6.81514 11.15947 
1971.3 312.853 6.70909 6.62084 10.31318 
2080.78 313.116 6.2318 9.92289 10.88478 
2193.64 313.309 5.9279 11.01111 9.1396 
2309.87 313.701 5.41552 13.42314 9.86109 
2429.48 314.066 5.03534 10.66771 7.25182 
2552.47 314.299 4.9296 12.48782 7.84067 
2678.83 314.48 4.72413 11.5049 7.46974 
2808.57 314.671 4.57608 13.98729 6.48954 
2941.69 314.887 4.41032 15.58636 8.38652 
3078.18 315.097 4.24994 14.28061 8.32905 
3218.05 315.343 4.0399 15.93786 8.62014 
3361.3 315.637 3.98217 15.22845 6.93443 
3507.92 315.81 3.77932 16.50716 8.32197 
3657.92 316.142 3.44303 17.83343 6.644 
3811.3 316.684 3.25461 17.00693 6.47781 
3968.05 317.238 2.92848 18.21719 5.8328 
4128.18 317.801 2.6217 19.47523 7.3542 
4291.69 318.391 2.3874 19.13265 7.82296 
4458.57 318.86 2.31662 20.51911 9.37817 
4628.83 319.408 2.0143 22.98579 8.56479 
4802.47 319.954 1.94449 22.77364 7.14075 
4979.48 320.562 1.87345 23.22606 6.70323 
5159.87 321.31 1.63014 23.79222 7.74242 
5343.64 321.823 1.60308 23.95345 4.99435 
5530.78 322.63 1.46316 26.35266 4.81218 
5721.3 323.279 1.31052 28.34331 4.91455 
5915.19 324.128 1.11612 27.41356 5.29411 
6112.47 324.849 1.00613 28.12276 5.14623 
6313.12 325.914 0.944724 28.76543 5.65363 
6517.14 326.915 0.77252 29.12142 6.2953 
6724.55 327.887 0.602893 30.29042 5.56763 
6935.33 328.662 0.509564 30.85834 4.32257 
7149.48 329.278 0.418299 29.23311 2.80577 
7367.01 329.819 0.374555 31.42781 2.50316 
7587.92 330.519 0.359266 30.9951 3.99004 
7812.21 331.098 0.324554 32.59972 3.71123 
8039.87 331.638 0.302485 33.59423 3.56269 
8270.91 332.386 0.267165 32.53947 2.25652 
8505.32 333.074 0.251879 33.1556 2.77473 
8743.12 333.424 0.23437 32.62208 3.54134 
8984.29 333.976 0.157183 34.24287 2.89094 
9228.83 334.627 0.130234 34.68584 0.72189 
9476.75 335.395 0.125693 35.9497 1.37388 
9728.05 336.025 0.117153 37.29368 1.76428 
9982.73 336.849 0.0999141 37.60084 2.20219 
10240.8 337.736 0.0837148 36.28552 1.50825 
10502.2 338.613 0.0729608 36.15404 1.90165 
10767.0 340.986 0.0696476 37.67682 0.89267 
11035.2 342.665 0.0595883 37.03903 3.1421 
11306.8 342.665 0.0392409 37.87479 2.50696 
11581.7 342.665 0.0246646 37.85261 2.5063 
11860.0 342.665 0.0148897 36.1973 2.20156 
12140.0 344.465 0.0100004 37.81315 2.15469 
12420.0 350.065 0.0100006 38.6608 4.11923 
12700.0 355.665 0.01 38.21466 0.89391 
12980.0 361.265 0.0100004 36.42 2.16788 
13260.0 366.865 0.0100003 38.42469 3.64509 
13540.0 372.465 0.0100002 37.09325 1.76154 
13820.0 378.065 0.0100003 39.70473 2.49898 
14100.0 383.665 0.01 37.91708 2.73873 
14380.0 389.265 0.0100002 37.8956 1.39649 
14660.0 394.865 0.0100001 38.21185 2.38602 
14940.0 400.465 0.0100001 38.26951 2.22716 
15220.0 406.065 0.0100001 38.05277 2.52043 
15500.0 411.665 0.01 38.66263 1.89192 
15780.0 417.265 0.0100001 36.35701 1.88764 
16060.0 422.865 0.01 39.0353 2.67412 
16340.0 428.465 0.01 38.70485 1.44302 
16620.0 434.065 0.01 36.92566 2.6064 
16900.0 439.665 0.01 38.00686 2.45854 
17180.0 445.265 0.00999997 37.15952 1.18848 
17460.0 450.865 0.00999999 37.55694 1.82713 
17740.0 456.465 0.00999998 38.71348 3.38378 
18020.0 462.065 0.00999994 37.49325 3.05872 
